  888     0     4     5     2    37    20     1    21     0 
    0  1081     9     3     0    12     5     0    23     0 
   17    11   848    33    20     3    28    14    55     3 
    4    14    35   849     0    13     8    16    49    21 
    1     7     3     0   802     2    20     2    19   124 
   22    10     5   126    23   633    19    10    24    20 
   15    16    14     2    12    32   860     0     5     1 
    1    29    16     6    16     0     0   865    27    68 
   16    26    12    74    14    20    12     6   759    35 
   10    13     6     8    68     7     0    24    23   850 
0.8427
